1 1 19
1 2 19
1 3 19
1 4 19
1 5 19
1 6 19
1 7 19
1 8 19
1 9 19
1 10 19
1 11 19
1 12 19
1 13 19
1 14 19
1 15 19
1 16 19
1 17 19
1 18 19
1 19 19
1 20 19
1 21 19
1 22 19
1 23 19
1 24 19
1 25 19
1 26 19
1 27 19
1 28 19
2 1 5
2 2 0
2 3 5
2 4 5
2 5 11
3 1 16
3 2 16
3 3 16
3 4 16
3 5 16
3 6 16
3 7 16
3 8 16
3 9 16
3 10 27
3 11 16
3 12 16
3 13 16
3 14 16
3 15 16
3 16 16
3 17 16
3 18 16
3 19 16
3 20 16
3 21 16
3 22 16
3 23 16
3 24 16
3 25 16
4 1 14
4 2 14
4 3 14
4 4 14
4 5 14
4 6 14
4 7 14
4 8 8
4 9 14
4 10 14
4 11 14
4 12 14
4 13 14
4 14 14
4 15 8
4 16 14
4 17 14
4 18 20
5 1 3
5 2 3
5 3 3
5 4 3
5 5 3
5 6 3
5 7 3
5 8 7
5 9 3
5 10 3
5 11 3
5 12 3
5 13 3
5 14 3
5 15 3
5 16 3
5 17 3
5 18 3
5 19 3
5 20 0
5 21 3
5 22 3
5 23 3
5 24 3
5 25 3
6 1 9
6 2 9
6 3 9
6 4 9
6 5 9
6 6 0
6 7 9
6 8 9
6 9 9
6 10 9
6 11 9
6 12 9
7 1 13
7 2 13
7 3 13
7 4 13
7 5 13
7 6 13
7 7 13
7 8 13
7 9 13
7 10 13
7 11 13
7 12 13
7 13 13
7 14 1
7 15 13
7 16 13
7 17 13
7 18 13
7 19 13
7 20 13
7 21 13
7 22 13
8 1 7
8 2 7
8 3 7
8 4 7
8 5 0
8 6 7
8 7 7
8 8 7
8 9 7
8 10 7
8 11 7
8 12 7
8 13 7
8 14 7
8 15 7
8 16 7
9 1 5
9 2 5
9 3 5
9 4 5
9 5 5
9 6 5
9 7 5
9 8 5
9 9 5
9 10 5
9 11 5
9 12 5
9 13 5
9 14 5
9 15 5
9 16 5
9 17 5
9 18 5
9 19 5
9 20 5
9 21 5
10 1 4
10 2 4
10 3 4
10 4 4
11 1 21
11 2 21
11 3 21
11 4 21
11 5 21
11 6 21
11 7 21
11 8 21
11 9 21
11 10 21
11 11 21
11 12 21
11 13 21
11 14 21
11 15 21
11 16 21
11 17 21
11 18 21
11 19 21
11 20 21
11 21 21
11 22 21
11 23 21
11 24 21
11 25 21
11 26 21
12 1 6
12 2 6
12 3 6
12 4 6
12 5 6
12 6 6
12 7 6
12 8 6
12 9 6
12 10 6
12 11 6
12 12 6
12 13 6
12 14 6
12 15 6
12 16 6
12 17 10
12 18 6
12 19 6
12 20 6
13 1 3
13 2 3
13 3 3
13 4 3
13 5 3
13 6 3
13 7 3
13 8 3
13 9 3
13 10 3
13 11 3
13 12 3
13 13 3
13 14 3
14 1 5
14 2 5
14 3 5
14 4 5
14 5 5
14 6 5
14 7 5
14 8 5
14 9 5
14 10 5
14 11 5
14 12 5
14 13 5
14 14 5
14 15 5
14 16 5
14 17 5
14 18 5
14 19 5
14 20 5
15 1 7
15 2 7
15 3 7
15 4 7
15 5 7
15 6 7
15 7 7
15 8 7
15 9 7
15 10 7
15 11 7
15 12 7
15 13 7
16 1 6
16 2 6
16 3 6
16 4 6
16 5 6
16 6 6
16 7 6
16 8 6
16 9 6
16 10 6
16 11 6
16 12 6
16 13 6
16 14 6
17 1 5
17 2 5
17 3 5
17 4 5
17 5 5
17 6 5
17 7 5
17 8 5
17 9 5
17 10 5
17 11 5
17 12 5
18 1 9
18 2 9
18 3 9
18 4 9
18 5 9
18 6 9
18 7 9
18 8 7
18 9 9
18 10 9
18 11 9
18 12 9
18 13 7
18 14 9
18 15 7
18 16 9
18 17 9
18 18 23
19 1 11
19 2 11
19 3 11
19 4 11
19 5 11
19 6 11
19 7 11
19 8 11
19 9 11
19 10 11
19 11 11
19 12 11
19 13 11
19 14 11
19 15 11
19 16 11
19 17 11
19 18 11
19 19 11
20 1 1
20 2 1
20 3 1
20 4 1
20 5 1
20 6 1
20 7 1
20 8 1
20 9 1
20 10 1
20 11 1
20 12 1
20 13 1
20 14 1
20 15 1
20 16 1
20 17 17
21 1 5
21 2 5
21 3 5
21 4 5
21 5 5
21 6 5
22 1 5
22 2 5
22 3 5
22 4 5
22 5 5
22 6 5
22 7 5
22 8 5
22 9 5
22 10 5
22 11 5
22 12 5
22 13 5
22 14 5
22 15 5
22 16 5
22 17 5
23 1 9
23 2 9
23 3 9
23 4 9
23 5 9
23 6 9
23 7 9
23 8 9
23 9 9
23 10 9
23 11 9
23 12 9
23 13 9
23 14 9
23 15 9
23 16 9
23 17 9
23 18 9
23 19 9
23 20 9
23 21 9
23 22 9
23 23 9
23 24 9
23 25 9
24 1 2
24 2 2
24 3 9
24 4 9
24 5 9
24 6 9
24 7 2
24 8 9
25 1 5
25 2 5
25 3 5
25 4 5
25 5 5
25 6 5
25 7 5
25 8 5
25 9 5
25 10 5
25 11 5
25 12 5
25 13 5
25 14 5
25 15 5
25 16 5
25 17 5
25 18 5
25 19 5
26 1 4
26 2 4
26 3 4
26 4 4
26 5 4
26 6 4
26 7 4
26 8 4
26 9 4
26 10 4
26 11 4
26 12 4
26 13 6
26 14 4
26 15 4
26 16 4
26 17 4
26 18 4
26 19 4
26 20 4
26 21 4
26 22 4
26 23 4
27 1 17
27 2 22
27 3 17
27 4 3
27 5 17
27 6 17
27 7 22
27 8 9
27 9 22
27 10 17
27 11 17
27 12 22
27 13 17
27 14 17
27 15 22
27 16 22
27 17 22
27 18 22
27 19 17
27 20 22
28 1 3
28 2 2
28 3 10
28 4 3
28 5 3
28 6 5
28 7 21
28 8 3
28 9 5
28 10 3
28 11 3
28 12 3
28 13 3
28 14 3
28 15 10
28 16 5
28 17 3
28 18 3
28 19 3
28 20 10
28 21 3
28 22 3
28 23 21
29 1 3
29 2 3
29 3 3
29 4 3
29 5 3
29 6 3
29 7 3
29 8 3
29 9 3
29 10 3
29 11 3
29 12 3
29 13 3
29 14 14
29 15 3
29 16 3
30 1 9
30 2 9
30 3 9
30 4 9
30 5 9
30 6 9
30 7 9
30 8 9
30 9 9
30 10 9
30 11 9
30 12 9
30 13 9
30 14 9
30 15 9
30 16 9
30 17 9
30 18 9
30 19 9
30 20 9
30 21 9
30 22 9
30 23 9
30 24 9
31 1 3
31 2 3
31 3 3
31 4 3
31 5 3
31 6 3
32 1 1
32 2 3
32 3 3
32 4 3
32 5 3
32 6 3
32 7 1
32 8 3
32 9 3
32 10 3
32 11 1
32 12 3
32 13 3
32 14 3
32 15 3
32 16 3
32 17 3
32 18 3
32 19 3
32 20 3
32 21 3
32 22 3
32 23 3
32 24 3
32 25 3
32 26 3
33 1 1
33 2 1
33 3 1
33 4 14
33 5 6
33 6 1
33 7 1
33 8 1
33 9 1
33 10 1
33 11 1
33 12 14
34 1 3
34 2 3
34 3 3
34 4 3
34 5 3
34 6 3
34 7 3
34 8 3
34 9 5
34 10 3
34 11 3
34 12 3
34 13 3
34 14 3
34 15 3
34 16 3
34 17 3
34 18 3
35 1 2
35 2 2
35 3 4
35 4 27
35 5 2
35 6 4
35 7 2
35 8 2
35 9 2
35 10 2
35 11 2
35 12 22
35 13 27
35 14 2
35 15 22
35 16 2
35 17 2
35 18 2
35 19 27
36 1 11
36 2 11
36 3 11
36 4 11
36 5 11
36 6 11
36 7 11
36 8 11
36 9 11
36 10 11
36 11 11
36 12 11
36 13 11
36 14 11
36 15 11
36 16 11
36 17 11
36 18 11
36 19 11
36 20 11
36 21 11
36 22 11
36 23 23
37 1 5
37 2 5
37 3 5
37 4 5
37 5 5
37 6 5
37 7 5
37 8 5
37 9 5
37 10 5
37 11 5
37 12 5
37 13 5
37 14 6
37 15 5
37 16 5
37 17 5
37 18 5
37 19 5
37 20 5
37 21 5
37 22 5
37 23 5
37 24 5
37 25 5
37 26 5
37 27 5
