1 1 1
1 3 2
1 3 3
1 3 4
1 15 5
1 4 6
1 5 7
1 6 8
1 11 9
1 9 10
1 10 11
1 11 12
1 3 13
1 13 14
1 9 15
1 4 16
1 15 17
1 16 18
1 2 19
1 22 20
1 4 21
1 23 22
1 5 23
1 9 24
1 22 25
1 21 26
1 4 27
1 27 28
1 28 29
2 5 2
2 1 3
2 4 4
2 4 6
2 1 7
2 4 9
2 3 10
2 5 11
3 1 1
3 2 2
3 4 3
3 4 4
3 3 5
3 5 6
3 6 7
3 1 8
3 8 9
3 8 10
3 12 11
3 12 12
3 13 13
3 15 14
3 15 15
3 16 16
3 17 17
3 18 18
3 20 19
3 8 20
3 20 21
3 17 22
3 8 23
3 16 24
3 17 25
3 24 26
3 25 27
4 1 1
4 1 2
4 2 3
4 2 4
4 1 5
4 2 6
4 12 7
4 9 8
4 17 9
4 14 10
4 17 11
4 15 12
4 9 13
4 3 14
4 14 15
4 8 16
4 11 17
4 10 18
4 11 19
4 18 20
5 1 1
5 5 2
5 5 4
5 6 5
5 7 6
5 8 7
5 4 8
5 1 10
5 2 11
5 2 12
5 9 13
5 9 14
5 11 15
5 12 16
5 12 17
5 4 18
5 14 19
5 10 20
5 16 21
5 17 22
5 18 23
5 21 24
5 21 26
5 23 27
5 23 28
5 25 30
6 1 1
6 2 2
6 1 3
6 2 4
6 3 5
6 4 6
6 3 7
6 1 8
6 9 9
6 5 10
6 7 11
6 8 12
6 5 13
6 4 14
6 2 15
6 1 16
6 12 17
7 1 1
7 15 2
7 14 3
7 16 4
7 5 5
7 21 6
7 20 7
7 1 8
7 20 9
7 14 10
7 16 11
7 14 12
7 3 13
7 20 14
7 12 15
7 16 16
7 3 17
7 2 18
7 2 19
7 1 20
7 6 21
7 5 22
7 22 23
8 1 1
8 4 2
8 1 3
8 8 4
8 6 5
8 8 6
8 9 7
8 15 8
8 14 9
8 10 10
8 11 11
8 12 12
8 13 13
8 13 14
8 16 15
9 2 1
9 2 2
9 3 3
9 4 4
9 5 5
9 5 6
9 7 8
9 8 9
9 8 10
9 10 11
9 11 12
9 12 13
9 13 14
9 14 15
9 13 16
9 11 17
9 16 18
9 17 19
9 13 20
9 5 21
9 7 22
9 14 23
9 5 24
9 19 25
9 5 26
9 11 27
9 18 28
9 21 29
10 1 1
10 1 2
10 2 3
10 3 5
10 4 6
11 17 1
11 4 2
11 8 3
11 8 4
11 10 5
11 11 6
11 7 7
11 8 8
11 14 9
11 10 10
11 18 11
11 20 12
11 15 13
11 14 14
11 21 15
11 14 16
11 10 17
11 18 18
11 23 19
11 25 20
11 12 21
11 23 22
11 24 23
11 26 24
12 11 1
12 1 2
12 14 3
12 18 4
12 1 5
12 5 6
12 3 7
12 8 8
12 13 9
12 10 10
12 3 11
12 15 12
12 8 13
12 5 14
12 5 15
12 13 16
12 5 17
12 3 18
12 14 19
12 3 20
12 19 21
12 15 22
12 10 23
12 17 24
12 20 25
13 3 1
13 11 2
13 8 3
13 4 4
13 6 5
13 6 6
13 8 7
13 9 8
13 10 9
13 11 10
13 9 11
13 13 12
13 14 13
14 1 1
14 2 2
14 4 3
14 5 4
14 6 5
14 7 6
14 16 7
14 1 8
14 3 9
14 14 10
14 9 11
14 10 12
14 6 13
14 15 15
14 6 16
14 18 17
14 17 18
14 20 20
15 1 1
15 1 2
15 6 3
15 3 4
15 1 6
15 7 7
15 6 8
15 6 9
15 6 10
15 7 11
15 8 12
15 9 13
15 10 14
15 11 15
15 13 16
16 4 2
16 9 3
16 8 5
16 13 7
16 12 8
16 12 9
16 12 10
16 13 11
16 4 12
16 13 13
16 14 14
17 1 1
17 1 2
17 4 3
17 6 4
17 3 5
17 10 6
17 8 7
17 7 8
17 10 9
17 9 10
17 9 11
17 10 12
17 11 13
17 12 14
18 12 1
18 7 2
18 1 3
18 8 4
18 9 5
18 6 7
18 11 8
18 12 9
18 15 10
18 14 11
18 12 12
18 15 13
18 17 14
18 16 15
18 16 16
18 16 17
18 6 18
18 4 19
18 4 20
18 4 21
18 1 22
18 18 23
19 5 1
19 5 2
19 11 3
19 14 4
19 7 5
19 12 6
19 13 7
19 2 8
19 13 10
19 3 11
19 16 12
19 17 13
19 18 14
19 18 15
19 19 16
20 1 1
20 2 2
20 3 3
20 4 4
20 1 5
20 2 6
20 8 7
20 9 8
20 8 9
20 11 10
20 13 11
20 13 12
20 14 13
20 16 14
20 16 15
20 16 16
20 17 17
21 4 1
21 2 2
21 1 3
21 2 4
21 3 6
21 4 7
21 5 9
21 6 10
22 2 1
22 4 2
22 3 3
22 5 4
22 8 5
22 3 6
22 9 7
22 14 8
22 13 9
22 12 10
22 12 11
22 8 12
22 15 13
22 16 14
22 17 15
23 1 1
23 2 2
23 3 3
23 6 4
23 5 5
23 8 6
23 4 7
23 3 8
23 13 9
23 17 10
23 16 11
23 13 12
23 10 13
23 18 14
23 13 15
23 14 16
23 3 17
23 22 18
23 24 19
23 20 20
23 21 21
23 25 22
24 1 1
24 2 2
24 3 3
24 5 4
24 3 5
24 1 6
24 5 7
24 7 8
24 8 9
25 1 1
25 2 2
25 3 3
25 6 4
25 17 5
25 6 6
25 14 7
25 1 8
25 2 9
25 13 10
25 3 11
25 14 12
25 1 13
25 16 14
25 12 16
25 19 17
26 20 1
26 2 2
26 3 3
26 8 4
26 3 5
26 11 6
26 4 7
26 6 8
26 4 9
26 8 10
26 15 11
26 14 12
26 9 13
26 17 14
26 8 15
26 13 16
26 18 17
26 20 18
26 9 19
26 22 20
26 23 21
27 1 1
27 2 2
27 9 3
27 3 4
27 4 5
27 5 6
27 6 7
27 7 8
27 8 9
27 11 10
27 9 11
27 9 12
27 10 13
27 13 14
27 6 15
27 13 16
27 19 17
27 2 18
27 4 19
27 19 20
27 13 21
27 20 22
28 1 1
28 2 2
28 2 4
28 6 5
28 8 6
28 8 8
28 6 9
28 3 10
28 20 11
28 20 12
28 13 13
28 17 14
28 19 15
28 21 16
28 21 17
28 3 18
28 22 19
28 19 20
28 23 21
29 1 1
29 2 2
29 13 3
29 2 4
29 3 5
29 4 6
29 6 7
29 7 8
29 7 9
29 3 10
29 4 11
29 11 12
29 1 13
29 15 15
29 13 16
29 11 17
29 10 18
29 14 20
29 16 21
30 1 1
30 3 2
30 6 3
30 3 4
30 4 5
30 21 6
30 18 7
30 6 8
30 11 9
30 8 10
30 11 11
30 7 12
30 8 13
30 9 14
30 11 15
30 10 16
30 8 17
30 11 18
30 12 19
30 9 20
30 18 21
30 20 22
30 11 23
30 15 24
30 14 25
30 16 26
30 11 27
30 15 28
30 17 29
30 24 30
31 1 1
31 2 2
31 3 3
31 5 4
31 5 5
31 6 6
32 2 1
32 1 2
32 12 3
32 2 4
32 1 5
32 3 6
32 5 7
32 12 8
32 10 9
32 25 10
32 5 11
32 9 12
32 2 13
32 5 14
32 7 15
32 16 16
32 12 17
32 15 18
32 16 19
32 9 20
32 21 21
32 15 22
32 19 23
32 21 24
32 9 25
32 20 26
32 21 27
32 16 28
32 26 29
33 2 1
33 2 2
33 3 3
33 4 4
33 8 5
33 6 6
33 2 7
33 3 8
33 7 9
33 2 10
33 7 11
33 10 12
33 1 13
33 12 14
34 1 1
34 4 2
34 7 4
34 12 5
34 10 6
34 14 7
34 8 8
34 12 9
34 11 10
34 17 12
34 17 13
34 16 15
34 16 17
34 13 18
34 18 19
35 5 1
35 9 2
35 5 3
35 3 4
35 7 5
35 8 6
35 8 7
35 3 8
35 2 9
35 3 10
35 1 11
35 1 12
35 1 13
35 3 14
35 17 15
35 9 16
35 10 17
35 11 18
35 12 19
35 14 20
35 14 21
35 15 22
35 8 23
35 5 24
35 17 25
35 7 26
35 19 27
36 1 1
36 2 2
36 5 3
36 7 4
36 9 5
36 16 6
36 8 7
36 15 8
36 20 9
36 15 10
36 6 11
36 15 12
36 14 13
36 16 14
36 3 15
36 17 16
36 19 17
36 19 18
36 20 19
36 6 20
36 21 21
36 22 22
36 23 23
37 2 1
37 1 2
37 4 3
37 10 4
37 7 5
37 14 6
37 5 7
37 14 8
37 9 9
37 11 10
37 5 11
37 18 12
37 7 13
37 14 14
37 17 15
37 7 16
37 20 17
37 6 18
37 7 19
37 9 20
37 21 21
37 12 22
37 21 23
37 23 24
37 23 25
37 27 26
